ProjNum=201
PRate=1
SDI=XNEPS O=1 OR=1 SL=0 nCOEF=2 -1.700000e-01 -1.130000e-01
